[Location]
a-lat = 37.325
a-lon = -6.02884
b-lat = 37.3249
b-lon = -6.02861
c-lat = 37.32466
c-lon = -6.02899
d-lat = 37.32427
d-lon = -6.02829
zoom = 18

[Map]
latitude = 37.32478229438858
longitude = -6.028707996010781
zoom = 20

[Settings]
language = en
night_mode = True

